0 1 1137 0
0 2 1000 0
0 3 1194 0
0 4 535 0
0 5 1094 0
0 6 414 0
0 7 686 0
0 8 1055 0
0 9 372 0
0 10 2273 0
0 11 92 0
0 12 590 0
0 13 503 0
0 14 1905 0
0 15 800 0
0 16 2350 0
241 257 956 0
242 257 262 0
243 257 102 0
244 257 3396 0
245 257 2398 0
246 257 461 0
247 257 585 0
248 257 155 0
249 257 854 0
250 257 1530 0
251 257 1102 0
252 257 509 0
253 257 595 0
254 257 315 0
255 257 2280 0
256 257 500 0
1 156 1137 10000
1 146 967 4678
1 139 752 1127
1 183 613 660
1 199 15 53
1 251 549 5430
1 202 236 168
1 227 609 1875
1 62 236 3365
1 21 841 7645
1 119 309 8673
1 132 649 5331
27 195 1137 10000
27 93 536 5228
28 155 1137 10000
28 211 737 8388
28 82 231 5778
28 195 91 1080
28 49 606 7388
28 150 896 8089
29 31 1137 10000
29 224 944 5428
29 202 461 5696
29 63 833 8376
29 108 426 1298
29 225 824 6226
29 171 105 454
29 200 864 6396
29 91 780 7574
31 125 1137 10000
31 71 439 9326
31 160 174 4039
31 133 965 7345
31 45 235 8782
31 224 386 2244
31 32 398 9253
31 228 232 2003
31 194 282 3814
31 129 367 6098
31 222 215 5021
31 232 752 980
52 104 1137 10000
52 141 539 5179
52 247 271 4335
52 253 759 4571
86 147 1137 10000
86 226 606 6110
86 96 116 4729
86 57 999 8476
86 70 10 8757
86 112 5 2594
104 198 1137 10000
104 50 589 9337
104 254 525 1784
104 187 266 7713
104 179 194 3765
104 240 577 8750
104 214 669 2421
104 219 863 7226
123 161 1137 10000
123 247 1137 10000
123 57 286 5677
123 197 773 2534
123 192 204 9915
123 187 24 2533
123 207 212 2667
123 100 478 5826
125 251 1137 10000
125 75 703 3097
125 169 374 2747
125 190 434 4535
125 209 226 3146
125 235 602 777
125 176 229 1609
125 252 862 1221
125 46 22 378
125 141 40 9166
125 45 846 7837
125 88 460 4844
147 210 1137 10000
147 129 538 377
147 209 534 3662
147 237 487 683
147 223 692 4842
147 144 609 6372
147 42 763 9661
147 83 217 9467
147 249 894 5949
147 188 30 759
147 40 301 889
147 161 202 3783
147 69 231 8334
147 136 588 9058
147 66 582 1803
155 27 1137 10000
155 233 737 5560
155 189 299 6105
155 145 323 8543
155 110 823 9122
155 93 135 8382
155 106 503 9717
155 192 92 7042
155 35 682 2220
155 23 681 6609
156 123 1137 10000
156 248 973 9284
156 118 762 9998
156 176 881 9648
156 47 405 4350
156 135 150 4762
156 207 794 5061
156 141 359 2299
156 184 888 1124
156 73 140 928
156 161 763 6045
156 227 90 4802
156 67 802 8993
156 171 32 3211
156 20 616 5557
161 52 1137 10000
161 61 351 3819
161 31 209 8627
161 137 617 1858
161 186 148 1536
161 33 718 5006
161 57 207 7491
195 86 1137 10000
195 109 269 9548
195 149 211 7746
195 156 668 3970
195 138 146 5414
195 78 128 6446
195 98 279 2177
195 74 688 5890
195 71 947 3192
195 124 355 552
195 112 60 5309
195 211 246 2410
198 28 1137 10000
198 47 416 6005
198 164 245 6423
198 70 517 2678
198 150 998 142
198 134 420 7584
198 51 84 170
198 168 220 5736
198 76 672 9991
198 130 546 6813
198 186 114 523
198 42 262 9255
198 158 34 3073
198 137 222 4604
210 29 1137 10000
210 73 903 884
210 45 950 7999
210 219 601 5914
210 109 669 9491
210 167 930 4077
2 76 1000 10000
2 108 873 2667
2 133 592 9129
47 256 1000 10000
47 116 1000 10000
47 119 212 1965
76 158 1000 10000
76 155 171 5220
76 62 546 6743
76 169 525 9793
76 165 16 2182
76 208 293 9423
76 201 156 2673
76 166 918 920
76 202 979 9565
76 229 244 4253
80 87 1000 10000
80 235 735 4689
80 150 125 4925
80 61 433 2554
80 135 64 9992
80 186 50 9534
80 173 335 1842
80 213 362 5495
80 176 147 5076
80 253 866 1251
80 18 258 2771
80 142 892 6457
87 145 1000 10000
87 196 843 7750
87 77 963 7089
87 107 991 6629
87 182 165 9891
87 64 35 5813
87 109 41 2905
87 92 68 3991
87 96 108 5733
87 112 259 140
87 19 498 6
87 209 172 8562
87 124 792 535
87 190 407 9177
90 181 1000 10000
90 38 990 4329
90 86 687 8468
90 205 557 4673
90 170 121 3156
90 163 540 4535
116 230 1000 10000
116 154 182 6884
141 219 1000 10000
141 158 15 9565
145 141 1000 10000
145 110 815 3870
158 237 1000 10000
158 99 194 633
158 182 255 9123
158 141 11 9561
158 124 549 1551
158 83 449 7043
158 79 535 4720
158 118 814 8749
158 163 714 3646
158 33 49 5925
158 65 852 9771
158 209 472 3175
158 52 992 2588
158 238 603 4952
181 80 1000 10000
181 176 954 6085
181 215 668 3887
181 36 762 578
181 64 459 8552
181 244 494 6014
181 117 612 1333
181 196 642 4984
181 103 165 8477
181 44 754 2513
181 57 332 1557
197 251 1000 10000
197 72 402 6680
219 197 1000 10000
219 70 232 4585
219 199 616 2460
219 108 568 4504
219 132 482 2130
219 114 907 6921
219 61 54 7025
230 90 1000 10000
230 126 517 5073
230 139 821 4360
237 47 1000 10000
237 32 288 6974
237 97 379 3948
237 167 522 6527
237 238 11 6898
237 229 561 5329
237 201 364 9405
237 102 203 6793
237 100 85 8369
3 93 1194 10000
3 160 369 4976
3 23 71 6443
3 219 880 6592
3 211 975 3037
3 136 758 5728
3 35 752 2364
3 162 234 2514
3 169 271 9396
19 109 1194 10000
19 95 354 8046
19 50 738 8309
19 45 131 8735
19 86 575 672
19 58 62 5820
19 161 85 4209
19 177 352 9693
55 117 1194 10000
55 87 155 5099
55 86 779 8622
55 249 881 3562
55 20 360 3220
55 136 562 8807
55 164 59 3701
55 156 824 5730
55 166 717 8761
65 224 1194 10000
65 108 316 6329
65 38 586 3369
65 131 660 8627
65 105 995 3532
65 216 642 9779
65 84 489 2139
65 210 760 222
65 171 203 3328
65 123 374 729
65 78 111 1549
65 95 136 7671
65 235 178 6210
65 21 931 5372
65 120 30 7505
78 55 1194 10000
78 190 457 8353
78 233 872 423
78 54 685 1884
78 57 991 4460
78 59 309 8753
78 210 865 7896
78 220 690 1124
78 182 926 5690
78 242 190 2689
78 147 825 2507
78 52 52 6090
78 169 418 2706
78 27 263 3484
89 228 1194 10000
89 203 629 7585
89 127 499 8008
89 236 879 9901
89 133 372 9765
89 82 788 1268
93 110 1194 10000
93 49 622 3749
93 186 771 1049
93 201 217 5274
109 175 1194 10000
109 25 707 9416
109 210 467 8319
109 94 911 7437
109 240 960 1118
109 247 395 6133
109 42 104 2568
109 78 219 4625
109 84 553 8699
109 189 560 7245
109 168 548 5112
109 83 285 477
110 163 1194 10000
110 77 407 4958
110 178 796 6755
110 172 376 1597
110 80 320 1670
110 108 765 2204
110 153 505 7778
110 149 967 3573
110 134 541 4361
114 226 1194 10000
114 197 918 4278
114 202 713 9717
114 82 325 6300
114 110 663 3717
114 163 671 9168
114 65 356 459
114 233 802 5597
114 148 250 1886
114 66 326 4269
114 86 573 9767
114 100 363 4494
114 180 959 7460
114 235 680 1839
114 23 516 3758
117 168 1194 10000
117 115 817 685
163 177 1194 10000
163 161 647 8605
163 56 586 1074
168 185 1194 10000
168 68 416 7265
168 187 471 7233
168 183 684 9476
168 209 402 9873
168 254 337 1973
168 179 292 9551
175 78 1194 10000
175 100 930 1808
175 24 303 6625
175 113 763 4263
175 51 765 8431
175 33 286 946
175 193 702 9371
175 167 75 3892
175 228 762 2152
175 187 47 6915
175 22 577 6328
175 126 239 8832
175 180 810 3885
175 85 736 4629
177 19 1194 10000
177 52 342 5806
177 222 394 2993
177 74 45 5425
177 189 464 4556
177 242 80 5449
177 196 226 4929
185 114 1194 10000
185 109 13 8835
185 141 743 1530
185 217 288 1112
185 162 210 9698
185 69 329 2210
185 192 979 5343
185 68 872 38
185 111 959 4418
185 89 703 9032
185 251 453 8167
208 244 1194 10000
208 238 240 4052
224 208 1194 10000
224 220 237 8517
224 104 8 9552
224 174 684 7061
226 229 1194 10000
226 209 51 4098
226 202 396 5370
226 171 43 2089
226 30 794 7827
226 231 112 1820
226 51 834 1932
226 244 477 8330
226 104 870 4431
226 239 830 7937
226 36 912 5606
228 65 1194 10000
228 102 838 6797
228 190 273 8999
228 28 996 2391
228 139 238 658
228 144 255 3326
228 162 374 5848
228 69 10 7620
228 138 125 9431
228 230 824 149
228 18 408 5550
228 123 274 2998
229 89 1194 10000
229 249 1194 10000
229 156 392 506
229 18 592 3174
229 130 27 6068
229 153 295 4240
229 157 234 5472
229 103 361 611
229 235 994 6360
229 82 348 6242
229 244 5 6428
229 119 928 6161
229 109 195 4870
4 96 535 10000
4 177 875 6467
4 203 549 1013
4 45 26 9555
4 85 844 3511
4 243 815 5286
4 131 13 7621
4 136 322 5603
4 80 994 6072
4 135 145 4462
4 123 174 9675
4 231 583 4240
46 190 535 10000
46 87 100 7865
46 122 248 3149
46 195 778 513
46 227 223 2817
46 255 887 8070
46 71 442 8327
56 121 535 10000
56 232 514 6761
56 222 130 2757
56 147 499 4428
56 148 462 790
56 59 211 1796
56 140 577 1498
56 231 786 8831
56 81 242 7268
58 46 535 10000
58 244 262 2053
58 40 466 7287
58 64 920 607
58 104 723 3337
58 145 300 5209
58 219 749 1156
58 169 953 2276
58 80 771 3325
58 98 74 5942
58 163 290 8471
58 18 476 8993
58 235 561 4376
58 201 450 7769
73 153 535 10000
73 48 693 3030
73 123 218 8449
73 230 763 4474
73 249 958 612
73 216 836 1958
73 167 939 2843
73 125 38 4081
73 231 970 3133
73 154 708 3873
73 112 463 641
73 195 426 4775
73 241 650 2397
73 34 572 4061
73 190 125 5010
74 215 535 10000
74 134 952 6810
74 51 838 5812
74 110 153 5274
74 197 23 6925
74 103 517 4414
74 168 672 2177
74 107 247 6833
74 68 988 1010
96 201 535 10000
96 242 511 7159
96 136 373 638
96 28 78 2915
96 135 237 9162
96 107 647 7059
96 103 542 5703
96 105 300 4795
96 221 292 1924
96 168 202 47
96 223 879 2727
96 128 25 5133
96 92 94 5062
121 192 535 10000
121 217 699 5687
121 86 536 8900
121 202 51 9160
121 205 820 3558
121 113 127 2697
121 152 171 5418
121 129 398 3507
153 238 535 10000
153 162 74 6782
153 29 212 6228
153 138 334 6188
153 154 361 7356
153 220 269 6518
153 50 252 4133
153 140 179 5110
153 203 383 2138
164 73 535 10000
164 237 992 9384
164 158 690 6533
164 222 621 3401
164 60 512 7121
164 157 943 787
164 30 813 3125
164 219 40 5894
164 248 12 7959
164 33 59 5795
164 226 49 5351
164 159 58 6630
180 164 535 10000
180 197 309 4933
190 254 535 10000
190 242 501 8621
190 39 753 8413
190 251 727 9436
190 44 330 6816
190 67 992 9075
190 120 676 1868
190 27 61 1606
192 180 535 10000
192 186 610 2793
192 153 902 1797
192 160 602 4272
192 205 383 7829
192 23 782 3425
192 188 603 8610
192 227 974 6570
192 155 809 4893
192 244 941 8120
192 138 128 9788
192 182 772 9010
201 56 535 10000
201 242 535 10000
201 154 146 3388
201 185 257 6452
201 170 319 7216
215 58 535 10000
215 120 553 7646
238 74 535 10000
238 78 618 1418
238 53 59 2303
238 188 735 5084
5 106 1094 10000
5 97 403 5
5 120 129 5863
5 195 600 7197
5 95 691 4449
5 82 787 1880
18 44 1094 10000
18 253 471 1900
18 31 884 233
18 99 296 2271
18 61 625 1599
18 192 386 7950
18 87 913 6293
23 70 1094 10000
23 250 1094 10000
23 71 972 5822
23 153 22 9512
23 194 780 1427
23 83 861 9184
23 183 322 9979
23 139 163 1390
23 135 230 8688
23 50 278 3684
23 60 787 8900
23 76 48 4285
23 101 72 7843
23 68 319 5860
23 46 524 498
44 98 1094 10000
44 255 446 2483
44 228 797 9600
57 202 1094 10000
57 80 822 8307
57 82 718 5213
57 79 127 482
57 184 309 5573
57 234 619 7824
70 133 1094 10000
70 75 644 7396
98 213 1094 10000
98 236 164 1245
98 63 338 5039
98 170 899 5085
98 78 246 9236
98 42 981 5867
98 229 405 2879
98 39 851 5414
98 220 516 2046
98 124 208 4844
98 151 453 4460
106 23 1094 10000
106 194 546 7239
106 24 223 3978
106 54 864 3328
106 78 657 6007
106 192 291 7484
106 191 265 4108
106 223 90 2075
106 159 988 8651
106 108 148 9496
111 209 1094 10000
111 177 907 1914
111 39 363 8107
111 208 58 2324
111 67 24 3050
111 19 952 4740
122 57 1094 10000
122 192 635 6709
122 202 283 2315
122 103 919 1960
122 19 157 5147
122 115 321 9056
122 166 830 7702
122 60 633 2678
122 93 58 7814
122 221 204 6362
122 225 459 3486
122 255 942 9981
122 114 458 4340
122 70 298 7264
133 122 1094 10000
133 58 105 2681
133 182 45 7367
133 191 1000 4700
133 156 214 7864
176 244 1094 10000
176 199 289 9075
176 91 705 8732
176 138 600 1698
176 132 373 2312
202 18 1094 10000
202 233 686 6812
202 46 516 3207
202 185 760 170
202 157 129 5742
202 186 387 1875
202 64 360 5707
202 165 547 2146
202 210 101 8629
202 96 113 6697
202 27 439 2966
202 196 373 764
202 133 714 7830
209 176 1094 10000
209 129 979 4973
209 218 195 3301
209 250 470 9896
209 101 376 6873
209 48 150 6189
213 111 1094 10000
213 73 269 5005
213 36 704 2119
213 79 467 7903
213 226 479 4529
213 187 93 8313
213 201 597 8612
213 109 61 9365
213 82 245 9432
6 221 414 10000
6 109 233 150
6 202 615 1846
6 219 784 1133
6 74 136 941
6 41 878 8733
6 150 267 4958
6 29 705 2877
6 252 896 3186
30 236 414 10000
30 174 824 3298
30 81 125 4038
30 215 982 8154
30 35 809 5207
38 253 414 10000
38 135 444 3149
38 227 962 2524
38 193 198 3715
38 249 958 1111
38 223 93 3420
38 166 695 7430
38 246 681 5999
38 70 784 9255
38 205 575 6396
38 175 471 9711
38 221 633 9849
40 252 414 10000
40 49 414 10000
40 140 678 7922
40 82 297 6892
40 174 745 9327
40 47 754 7334
40 152 448 4638
40 42 77 3722
40 141 522 5983
40 207 622 2272
40 179 289 9659
40 139 294 7947
40 25 278 7555
40 147 610 2628
40 202 118 7665
49 38 414 10000
49 233 836 3067
49 94 410 1004
49 102 776 1371
49 99 156 9840
49 197 16 372
49 202 82 5719
49 196 9 9851
49 204 837 6880
49 174 673 2601
49 83 620 9168
53 171 414 10000
53 93 357 1331
53 98 627 4180
53 39 192 3556
53 99 760 5776
53 55 429 3494
53 168 715 5587
53 76 749 5611
53 117 554 4097
124 134 414 10000
124 203 883 7260
124 232 185 3365
124 227 989 8956
134 235 414 10000
134 74 306 6624
134 237 148 3244
134 78 646 7237
134 230 460 5175
134 79 513 4041
134 33 63 3172
134 256 877 1438
134 252 963 4958
134 204 203 1471
165 212 414 10000
165 121 901 1274
165 231 906 1354
165 160 314 8367
165 147 803 6793
171 30 414 10000
171 237 432 8868
171 103 160 2136
212 53 414 10000
212 86 620 390
212 244 721 2171
212 197 432 6505
212 243 852 4452
221 165 414 10000
221 160 667 4600
235 40 414 10000
235 174 125 6902
235 242 783 3413
235 222 751 1971
236 124 414 10000
236 167 962 8773
236 181 935 3456
236 87 958 9996
236 97 357 9266
236 191 992 9509
236 110 882 5986
236 186 716 3492
236 162 169 3002
236 90 715 8287
236 213 911 5367
236 206 992 2965
7 75 686 10000
7 96 962 1881
7 38 45 9847
7 171 549 6117
7 242 212 412
7 161 768 4950
7 34 901 1220
7 66 651 4494
7 59 219 7285
7 62 733 4464
7 55 791 7419
7 88 357 8369
7 124 165 751
7 69 702 3317
7 136 35 3049
22 205 686 10000
22 117 867 5005
22 225 976 2218
22 20 191 3500
22 245 333 2829
22 70 255 1649
22 158 759 4643
22 171 919 3090
22 64 413 8893
22 188 623 1757
22 170 426 6310
22 227 567 6580
22 136 231 7934
22 74 770 6372
34 246 686 10000
34 223 519 1215
34 168 973 5395
34 99 167 8063
34 235 308 9000
34 147 190 3120
34 97 563 1153
34 182 496 3206
34 249 246 2297
34 84 630 1136
35 150 686 10000
35 81 857 4392
35 69 387 3462
35 63 14 1262
35 50 874 2363
35 239 661 4112
35 109 726 1601
35 253 451 4500
35 256 333 5940
35 78 834 1559
35 101 965 3103
35 129 43 9036
51 253 686 10000
51 92 686 10000
51 115 41 7737
51 44 41 3221
51 78 348 6299
51 21 666 8749
51 148 645 7047
51 130 931 1550
51 236 255 1602
51 93 533 2935
75 178 686 10000
75 130 358 6997
75 222 271 293
75 155 600 9569
75 250 590 3323
75 190 748 4981
75 226 71 4873
75 216 782 3007
75 142 130 5251
75 166 434 6114
75 167 864 4199
75 39 298 6530
75 35 367 164
75 198 269 3894
75 40 548 5871
92 22 686 10000
92 42 820 725
92 115 388 239
92 179 863 2994
92 225 195 4257
92 187 383 3870
92 164 70 7670
92 58 988 5979
150 172 686 10000
150 26 872 9426
172 34 686 10000
172 131 490 5506
172 67 764 9181
172 164 894 1660
172 53 985 6208
172 144 275 2889
178 51 686 10000
178 226 383 1344
178 256 359 1954
178 56 968 5208
178 153 169 9782
178 234 124 1617
178 95 549 90
178 177 54 2126
178 22 300 4256
178 85 517 9456
178 76 554 1146
205 225 686 10000
205 176 435 1357
205 84 299 9134
205 136 805 1129
205 178 926 7388
205 110 34 9208
205 45 558 3582
205 185 813 6211
205 62 994 5570
225 35 686 10000
225 145 43 3857
225 240 829 8866
225 169 980 2663
225 211 363 1881
225 142 339 2194
225 141 592 4773
225 130 278 3318
8 108 1055 10000
8 176 110 1146
8 93 79 2044
8 65 725 4865
8 129 226 3681
8 95 889 7897
8 202 828 2877
42 67 1055 10000
42 135 256 2871
42 195 106 6964
42 100 599 9856
42 130 474 2646
42 46 715 4520
42 155 816 1305
42 121 500 7248
42 123 587 5414
42 35 756 2875
50 115 1055 10000
50 150 381 9675
50 218 335 884
50 137 304 3566
50 200 291 5250
50 104 304 1775
50 160 203 7627
50 235 213 2697
50 197 650 8693
50 26 148 584
50 136 850 8975
50 36 622 519
67 160 1055 10000
67 110 755 3713
67 159 835 9695
81 136 1055 10000
81 253 63 5841
81 128 242 300
81 193 125 7778
81 223 408 9167
81 182 448 1261
81 137 801 3677
81 36 687 7716
81 52 925 5892
81 248 989 1656
81 141 980 9904
81 66 280 4355
108 149 1055 10000
108 36 187 4254
108 18 219 5716
108 137 845 8290
108 73 420 6901
108 122 66 7139
108 88 438 4240
115 232 1055 10000
115 89 728 3799
115 116 46 3742
115 174 955 1947
115 177 561 1280
115 27 548 8107
115 183 556 8452
115 229 165 9547
115 39 171 408
115 201 713 2420
115 107 196 6452
115 17 875 8914
115 215 46 7861
115 210 81 4045
115 113 519 4722
130 244 1055 10000
130 81 1055 10000
130 33 250 1842
130 189 265 1076
130 57 175 2348
130 201 485 7172
130 106 324 1627
130 77 540 8364
130 218 339 5929
130 242 380 3682
130 168 345 7624
130 211 409 6806
130 127 884 5976
130 118 325 536
136 231 1055 10000
136 79 423 7036
136 162 220 4686
136 62 26 8256
136 22 579 4174
136 39 131 7909
136 35 559 744
149 151 1055 10000
149 140 907 1063
149 175 526 9329
149 229 428 5858
151 130 1055 10000
151 116 736 5198
151 245 184 6396
151 88 964 5602
151 80 825 1545
151 49 551 692
151 30 483 798
151 239 70 495
151 73 740 7751
160 188 1055 10000
160 65 426 1339
160 61 276 7077
160 217 100 4604
160 131 595 5604
160 241 714 4173
160 45 58 1076
160 228 998 9419
182 50 1055 10000
182 197 671 1355
182 117 771 6649
182 95 391 2238
182 54 804 4197
182 161 778 1513
182 41 671 1265
182 78 750 6697
182 79 617 2066
182 108 892 7101
182 123 596 5984
188 245 1055 10000
188 18 1000 6213
188 66 75 403
188 191 689 510
188 48 3 8506
231 182 1055 10000
231 121 800 8180
231 237 763 2358
231 123 296 1953
231 74 805 7490
231 139 354 6787
231 136 409 1679
232 42 1055 10000
232 236 647 180
232 29 416 8697
232 20 921 9866
232 187 462 8780
232 121 458 1467
232 130 642 8249
232 215 404 6401
232 254 515 6648
232 73 376 735
9 157 372 10000
9 199 515 9637
9 208 459 7911
9 133 149 7534
9 67 399 9211
9 85 296 9941
39 77 372 10000
39 95 356 4703
39 44 542 3988
39 48 856 3104
39 172 539 193
39 205 388 9585
39 41 165 9820
66 152 372 10000
66 102 395 1136
66 63 505 4892
66 41 513 7360
68 69 372 10000
68 198 379 2283
68 101 368 3333
68 141 703 9775
68 31 499 7532
68 82 449 7463
69 143 372 10000
69 156 468 1079
69 116 464 6179
69 240 143 979
69 168 264 9421
69 115 423 7120
69 183 947 7589
69 130 981 5137
69 71 358 3178
69 249 439 8506
69 191 793 7508
77 66 372 10000
77 46 695 6929
77 233 533 7205
77 256 574 3552
88 120 372 10000
88 193 526 3336
88 94 980 773
88 54 214 2554
88 231 506 1189
88 47 224 1278
120 68 372 10000
120 248 81 1300
120 190 59 9956
120 143 189 1995
120 44 222 8381
120 177 280 2477
120 201 891 3747
120 37 915 9910
120 181 163 6224
120 20 210 3443
120 22 671 2269
120 18 637 3475
120 157 438 2420
139 245 372 10000
139 180 645 2411
139 87 471 1161
139 130 460 6213
139 26 538 4745
139 191 516 1522
139 18 110 8313
139 85 221 8365
139 195 157 6682
139 83 587 9394
139 141 452 5293
139 34 292 7528
139 252 555 8598
143 167 372 10000
143 255 372 10000
143 119 910 6313
143 186 173 8844
143 202 629 320
143 34 578 6642
143 171 577 775
143 189 304 9275
143 140 212 1398
143 131 584 7372
143 243 835 1783
143 181 928 8770
143 177 306 2855
146 189 372 10000
146 35 742 8860
146 129 606 8539
146 136 879 2805
146 37 164 5928
146 199 314 9078
146 177 946 5357
152 139 372 10000
152 217 825 3623
157 88 372 10000
157 121 602 4893
157 238 708 7653
157 61 129 5054
157 139 101 497
157 175 497 7705
157 163 725 1005
157 234 50 7333
157 49 403 3419
157 239 139 6477
157 248 325 4022
167 146 372 10000
167 54 263 8348
167 152 419 9470
167 233 509 2332
167 165 971 7292
167 92 253 1956
167 182 397 6954
167 218 870 5393
167 126 751 6488
167 24 327 7985
189 199 372 10000
189 234 584 996
189 75 751 4049
189 152 312 5017
189 235 906 9773
189 210 554 4295
189 250 899 749
189 218 973 7878
189 219 368 3661
189 45 606 3154
189 146 997 8404
189 221 829 8762
199 39 372 10000
199 212 464 5508
199 143 772 4044
199 30 77 1419
199 204 318 9704
199 146 280 4278
199 230 52 8697
199 67 16 9019
199 216 700 2582
199 149 267 4865
10 36 2273 10000
10 58 716 2210
10 133 469 1136
10 40 621 9766
10 183 501 8222
10 143 522 3104
10 196 69 3741
10 48 703 662
10 57 986 3251
33 135 2273 10000
33 219 264 6931
33 214 171 5780
33 153 430 3899
33 250 348 7981
33 34 269 8302
33 217 972 296
33 75 503 2450
33 72 237 152
33 149 382 3641
33 208 77 9863
33 160 55 6320
33 55 145 1668
36 64 2273 10000
36 30 864 9509
36 56 570 9251
36 167 485 9232
36 91 589 3504
36 130 972 5507
36 49 888 863
36 202 568 7855
36 139 469 6505
64 233 2273 10000
64 83 762 5802
64 107 962 2909
64 74 343 662
64 152 450 3614
64 141 543 256
64 170 412 9670
64 158 681 6909
64 175 987 1954
64 67 186 4704
64 70 134 568
64 191 672 8446
64 89 816 2046
64 63 53 1160
94 119 2273 10000
94 82 980 8863
94 56 649 5749
94 177 529 5244
94 99 597 6469
94 40 539 9423
94 212 434 8971
94 244 831 4973
94 234 732 3609
94 194 797 3972
94 248 864 2640
103 250 2273 10000
103 132 2273 10000
103 62 499 8970
103 136 966 298
103 101 712 6595
103 198 707 4564
103 169 286 8681
103 207 652 515
103 243 479 6011
119 33 2273 10000
119 223 871 5181
119 123 175 1903
119 84 716 1944
119 154 549 7217
119 20 268 542
119 222 872 5282
119 57 760 2331
132 206 2273 10000
132 101 501 239
132 26 27 3026
132 226 192 4003
132 234 16 9653
132 168 1000 1440
132 106 161 7726
132 204 804 8553
132 161 579 1361
132 237 709 6569
132 97 428 5063
132 49 402 3581
135 203 2273 10000
135 146 485 1419
203 103 2273 10000
203 212 772 6846
203 201 290 1010
203 119 902 5588
203 120 251 8617
203 228 517 4792
203 163 548 7725
203 24 52 5086
206 244 2273 10000
206 226 835 1681
206 98 936 5190
206 251 707 7776
206 143 880 8411
206 58 485 9285
206 248 193 8605
206 103 51 2970
206 51 656 7736
233 94 2273 10000
233 143 232 8504
233 61 416 3432
233 186 595 5871
11 99 92 10000
11 232 18 7362
11 243 983 9471
11 255 320 3427
11 44 514 8376
17 162 92 10000
17 33 912 1445
17 133 976 8423
17 99 101 4432
17 38 815 6925
17 155 498 7092
17 53 378 9974
17 187 363 1766
17 208 660 1482
17 138 380 5066
17 175 462 7943
17 64 372 3583
17 69 201 5606
17 202 133 4284
17 25 646 4326
59 251 92 10000
59 61 92 10000
59 238 712 9181
59 46 845 9876
59 250 327 5706
59 173 449 789
59 144 844 7910
59 199 451 3483
59 105 294 5586
59 27 328 981
59 73 588 4783
59 44 246 4984
59 200 594 7444
59 192 637 6441
59 70 201 6690
61 144 92 10000
61 27 161 5206
61 255 689 2517
61 164 536 4165
99 187 92 10000
99 165 752 2363
99 107 970 7605
99 171 828 8298
99 32 632 9705
99 184 774 9559
99 251 664 8020
99 98 725 9790
99 248 692 768
99 207 529 7407
99 198 527 628
99 229 308 8430
99 218 511 8478
99 80 964 8006
128 17 92 10000
128 154 989 6688
128 227 238 5755
128 124 980 2226
128 114 252 3028
128 245 586 251
128 204 775 7322
128 53 77 6650
144 207 92 10000
144 226 608 4941
159 240 92 10000
159 67 585 3616
159 53 598 2572
159 223 348 7576
159 108 508 2794
159 253 541 8101
159 251 114 8739
162 159 92 10000
162 78 309 5306
162 197 590 242
162 129 79 6745
162 170 409 7670
162 17 351 1360
162 211 391 8944
162 80 567 891
162 131 348 7251
169 59 92 10000
169 93 254 8940
187 128 92 10000
187 192 34 558
207 214 92 10000
207 190 376 4048
207 131 43 6399
207 79 694 7171
207 150 27 9014
207 204 112 608
207 247 38 7084
207 180 341 542
207 42 260 8173
207 89 921 335
207 205 843 9163
207 82 696 5381
207 215 769 4520
207 65 888 8813
207 35 424 8960
214 242 92 10000
214 74 699 3974
214 141 183 3389
214 64 522 2871
214 169 63 5608
214 134 931 2133
214 50 506 5936
214 79 450 1376
240 169 92 10000
240 120 888 7935
240 200 897 9531
240 29 427 4111
240 137 169 8194
240 149 252 7432
240 177 506 1895
12 140 590 10000
12 234 714 6458
12 31 583 7346
60 184 590 10000
60 209 198 689
60 159 398 8429
60 224 848 27
60 198 141 3401
60 74 113 1703
60 222 15 5064
60 241 535 7775
60 105 750 3157
60 51 643 273
60 240 748 7666
60 191 494 703
60 221 721 8702
60 107 486 9740
105 126 590 10000
105 219 969 6745
105 43 954 87
105 151 925 9696
105 25 260 5699
105 252 717 6062
105 147 591 4354
105 205 280 1904
105 121 29 3117
105 251 68 2060
126 127 590 10000
126 82 672 1781
126 140 248 8177
126 155 375 2277
126 57 560 2381
126 41 422 7575
126 132 338 5816
126 109 717 4699
126 81 993 7644
126 160 966 9137
126 94 452 6268
126 148 436 4557
126 252 762 6626
126 120 571 1692
126 73 931 7037
127 227 590 10000
127 241 995 4657
127 107 834 736
140 241 590 10000
140 200 590 10000
140 131 795 3253
140 35 48 5902
140 85 158 1988
140 18 620 9972
140 133 643 6935
140 123 526 4924
184 211 590 10000
184 253 23 4329
184 106 112 1123
184 179 723 8607
184 152 662 8930
200 105 590 10000
200 138 688 1444
200 17 592 817
200 238 41 4239
200 48 113 7823
200 61 94 2616
200 94 913 348
200 204 219 6830
200 212 614 9997
200 125 638 6327
200 175 25 3443
200 211 259 9819
200 184 937 3652
200 118 35 6333
211 250 590 10000
211 177 757 2140
211 78 393 5779
211 251 6 1682
211 88 900 2830
211 238 38 8472
211 249 368 8108
227 60 590 10000
227 155 958 8512
227 33 745 5329
227 45 7 7463
227 54 15 316
227 77 127 3329
227 104 392 9449
227 206 275 4414
227 71 113 5409
13 218 503 10000
13 52 873 6208
13 110 900 8429
20 82 503 10000
20 237 723 1856
20 224 966 3540
25 83 503 10000
25 151 856 5010
25 166 509 370
25 96 641 9699
25 123 751 8932
25 168 202 1831
25 59 574 8855
37 173 503 10000
37 134 465 7622
37 250 646 9184
37 102 115 5577
37 230 294 7400
37 100 681 6906
37 35 88 4023
37 75 776 3970
37 144 296 2903
37 64 523 3792
37 18 168 6380
37 190 77 6980
37 151 118 5634
62 107 503 10000
62 244 503 10000
62 32 846 6133
62 73 423 4340
62 202 813 4578
62 58 690 5748
62 225 437 9394
62 33 176 3631
62 74 438 8997
62 47 812 44
62 138 518 6292
71 62 503 10000
71 111 903 2839
71 158 555 405
71 136 484 2772
71 36 324 9094
71 143 719 7634
71 34 228 9795
71 179 592 178
71 237 463 5091
82 37 503 10000
82 47 625 9542
82 188 185 840
82 228 469 4447
82 242 557 2582
82 254 59 4032
82 98 479 7697
82 66 886 7946
82 202 993 8151
83 166 503 10000
83 158 518 6573
83 147 197 5974
83 187 726 2878
83 31 619 5453
83 85 476 4011
101 204 503 10000
101 192 265 5920
101 57 765 9492
101 207 977 6271
101 130 70 4570
101 211 160 343
101 242 42 6022
101 246 872 8422
107 252 503 10000
107 39 899 4000
107 30 788 6826
107 26 887 878
107 170 511 9336
107 256 864 2531
107 242 175 2807
107 124 536 9476
107 208 717 777
107 46 259 6763
107 100 71 1832
107 42 477 3872
107 28 373 9119
166 20 503 10000
166 216 960 2611
166 121 239 4456
166 103 741 6621
166 119 375 3463
166 25 815 3993
166 148 212 296
166 72 644 1724
166 170 312 5899
166 235 946 3227
166 38 813 1177
166 157 382 1726
166 79 153 6553
166 188 300 5198
166 236 723 69
170 71 503 10000
170 141 638 2118
170 99 588 4510
170 75 142 4667
170 114 916 9671
170 167 868 3525
170 160 898 4264
170 144 652 6498
170 164 860 6242
170 124 716 2691
170 104 370 116
170 218 36 1131
170 185 733 3167
170 194 792 6688
173 170 503 10000
173 144 739 2685
173 35 947 485
173 197 949 3079
173 43 937 4070
173 159 374 4006
173 168 308 6718
173 194 436 2252
173 195 455 5554
173 205 826 5680
173 92 190 8561
204 25 503 10000
204 27 269 6557
204 20 853 1404
204 89 81 8051
204 96 318 4061
204 74 725 4735
204 134 833 2725
204 128 827 4190
204 49 764 5055
204 125 194 8857
204 152 268 3023
204 197 290 4115
204 129 595 5918
204 93 770 5368
218 101 503 10000
218 121 173 3804
218 39 968 7394
218 110 996 7896
218 94 209 6648
218 199 535 8640
218 216 334 4107
14 26 1905 10000
14 60 196 7861
14 52 554 4392
14 189 988 5259
14 57 373 6049
14 136 605 1703
14 130 466 6420
14 18 465 4897
14 219 948 2981
14 44 779 5293
14 255 50 8885
14 176 271 7675
21 95 1905 10000
21 139 411 6030
21 230 25 8324
21 183 373 3094
21 127 446 952
21 216 830 6416
21 176 359 5433
21 218 121 4986
21 179 842 8150
21 102 633 1046
21 170 21 7971
26 179 1905 10000
26 52 495 1554
26 23 497 1840
26 154 994 5702
26 62 822 2755
26 151 764 2479
26 123 944 2876
26 29 126 6842
32 245 1905 10000
32 152 512 2097
32 154 839 2498
32 113 781 9544
32 123 608 1726
32 136 228 1806
32 206 906 1214
63 183 1905 10000
63 193 569 5062
63 27 666 8191
63 152 520 967
63 100 860 3975
63 19 501 2624
63 172 669 3607
63 121 302 4530
63 254 329 7905
63 117 712 9976
63 81 273 6242
63 248 123 1602
63 56 235 7429
63 101 721 391
63 102 953 1940
91 97 1905 10000
91 128 630 2120
91 178 305 6130
91 74 831 5808
91 116 303 391
91 42 822 1016
91 171 738 3795
91 194 633 5517
91 44 397 7380
91 64 807 8786
91 205 471 860
91 103 318 9051
95 222 1905 10000
95 194 689 9586
95 170 257 4252
95 53 134 1896
95 96 158 9675
95 241 625 52
95 213 915 264
95 186 995 2775
95 155 568 2549
95 69 615 7218
97 32 1905 10000
97 107 956 8140
97 226 23 609
97 147 709 1794
97 235 217 1902
97 156 385 8603
179 21 1905 10000
179 210 270 9659
179 45 556 665
179 196 866 4004
183 91 1905 10000
183 252 533 8667
196 63 1905 10000
196 110 182 8168
196 66 917 2020
196 45 691 1588
196 97 352 8330
196 120 303 834
196 74 735 8848
196 151 926 2962
196 93 184 6056
196 35 868 6228
216 196 1905 10000
216 254 157 4435
216 58 55 1769
216 197 298 414
216 184 570 2362
216 71 948 949
216 116 449 5061
216 75 987 2423
216 162 568 117
216 251 804 1808
216 50 487 1865
216 181 490 4298
216 72 687 9015
216 253 914 3386
216 202 568 1844
222 216 1905 10000
222 248 1905 10000
222 251 637 9465
222 135 126 2703
222 182 262 1230
222 106 413 9042
222 30 561 6362
222 84 578 9266
15 45 800 10000
15 238 154 9874
15 97 877 7951
15 223 387 8239
15 164 552 8030
15 135 97 2102
41 220 800 10000
41 218 131 5739
41 95 113 7789
41 61 246 632
41 129 935 3464
41 92 599 7555
41 119 972 6917
41 81 595 4453
41 63 293 3142
41 30 270 5764
43 193 800 10000
43 53 947 1835
43 125 215 2697
43 44 711 3070
43 139 786 8560
43 240 420 8679
45 41 800 10000
45 182 996 8380
45 192 707 7281
45 49 202 4102
48 191 800 10000
48 219 489 4469
48 30 10 6533
48 239 193 7718
48 69 432 7978
48 19 428 1712
48 65 582 1771
48 123 922 576
48 223 545 8072
48 215 363 9570
48 106 493 9699
72 113 800 10000
72 243 442 5529
72 219 10 7062
72 250 668 4600
72 115 634 7745
84 194 800 10000
84 100 653 60
84 27 446 1600
84 29 144 9393
84 148 824 4419
84 128 714 5170
84 109 284 2772
84 85 328 5078
84 105 302 6520
85 72 800 10000
85 120 366 9465
85 138 179 5793
85 118 417 6933
85 200 700 4809
85 140 238 768
85 28 769 8185
85 245 353 6892
85 136 188 3704
85 156 913 439
85 88 135 9927
85 159 9 2023
85 94 350 6015
112 84 800 10000
112 227 559 7951
112 213 233 7085
112 121 391 1857
113 48 800 10000
113 219 332 6913
113 56 779 7431
131 174 800 10000
131 165 437 2725
131 185 781 3829
154 241 800 10000
154 43 800 10000
154 217 53 247
154 145 532 9678
154 238 796 7305
154 143 983 5184
154 161 426 3635
154 168 691 5081
174 186 800 10000
174 225 892 7648
174 96 993 8449
174 248 852 8089
174 233 521 6124
174 169 49 5509
174 110 926 9363
186 85 800 10000
186 40 959 2981
186 247 501 6142
186 157 830 132
186 24 718 1849
186 39 303 5192
186 169 975 7379
186 89 607 7821
186 59 808 2862
186 202 503 6568
191 249 800 10000
191 100 237 5046
191 24 796 8512
191 28 89 3487
191 18 772 6949
191 112 469 1342
191 195 696 1660
191 176 920 9689
191 245 164 4852
191 87 881 5387
193 223 800 10000
193 48 535 1613
193 107 218 2440
193 89 181 8644
193 206 400 7531
193 120 111 5195
193 18 234 3322
193 128 112 7464
194 154 800 10000
194 239 237 1493
194 159 124 3244
194 222 766 2177
194 150 596 5855
194 241 272 7858
194 145 940 1372
194 45 492 1692
194 50 899 5281
194 29 754 5619
194 231 676 3646
194 37 29 8186
194 91 723 2266
220 112 800 10000
220 95 867 4306
220 176 395 4729
220 149 846 3626
220 83 82 4808
220 203 312 326
220 246 758 699
220 85 732 5029
220 151 830 6855
220 37 666 2336
220 238 669 3112
220 74 586 1568
220 71 300 9209
220 116 796 228
223 131 800 10000
223 154 68 9578
223 226 52 1677
223 185 998 7366
223 125 58 3037
16 54 2350 10000
16 244 557 2022
16 209 493 1881
16 226 226 7709
16 121 271 7570
16 78 863 2666
16 81 146 876
16 19 281 8572
16 134 935 4245
24 102 2350 10000
24 254 397 2160
24 42 878 4139
24 72 606 2273
24 35 606 7333
24 128 569 2601
54 137 2350 10000
54 248 526 1900
54 174 557 1541
54 138 135 5397
54 232 616 8613
54 235 815 9759
54 199 233 3737
54 59 166 1660
54 186 747 8066
54 126 57 9069
54 151 373 7530
54 97 773 1526
54 201 457 4602
54 40 827 7115
54 107 884 2262
79 138 2350 10000
79 240 184 9898
100 129 2350 10000
100 23 863 1251
100 241 282 3316
100 194 621 9648
100 88 12 7013
100 97 30 2366
100 221 133 5043
100 166 290 127
100 227 572 7219
100 255 384 1006
102 239 2350 10000
102 66 294 8234
102 152 157 3771
102 127 694 8777
102 159 212 4472
102 41 627 6151
102 150 170 8554
102 145 76 4853
102 69 605 3274
102 129 332 4357
102 47 135 4421
118 217 2350 10000
118 243 480 1282
118 103 506 2326
118 101 836 5131
118 216 48 7142
118 91 668 460
118 77 505 6481
118 60 372 1525
118 129 479 7894
118 228 327 9828
118 47 147 194
118 38 349 9254
129 148 2350 10000
129 78 367 2637
129 150 855 3287
137 142 2350 10000
137 132 482 8253
137 114 960 6776
138 118 2350 10000
138 174 1 4802
138 69 410 1358
138 90 145 7261
138 194 631 1892
138 227 728 1456
138 157 620 5931
142 100 2350 10000
142 205 321 6985
142 214 96 3943
142 168 199 8502
142 73 731 387
142 17 69 1151
142 231 290 8826
142 146 839 1736
142 107 443 2123
148 79 2350 10000
148 114 727 4502
148 32 158 4062
148 107 576 3500
148 99 229 7969
148 76 398 3273
148 78 409 9708
217 24 2350 10000
217 43 765 4727
217 173 368 3616
217 203 207 5080
217 67 191 3569
217 178 320 6112
217 213 576 7362
217 148 587 7307
217 162 255 5794
234 243 2350 10000
234 208 148 9833
234 181 935 4451
234 40 682 9956
234 37 207 9471
234 21 942 8544
234 126 706 2081
234 145 272 1822
234 115 490 1692
239 234 2350 10000
239 255 2350 10000
239 31 602 4512
239 167 99 1079
239 160 108 6445
239 90 764 2921
239 178 757 3958
239 78 17 5795
239 213 844 8704
